     0/272        0G      3.98        55         0        59        38       416         0         0         0         0       nan       nan         0
     1/272        0G      4.22      53.9         0      58.1        35       416         0         0         0         0       nan       nan         0
     2/272        0G      4.12        52         0      56.2        38       416         0         0         0         0       nan       nan         0
     3/272        0G         4      49.8         0      53.8        35       416         0         0         0         0       nan       nan         0
     4/272        0G       4.1      47.1         0      51.2        39       416         0         0         0         0       nan       nan         0
     5/272        0G      3.95      44.2         0      48.2        41       416         0         0         0         0       nan       nan         0
     6/272        0G      3.99      41.1         0      45.1        37       416         0         0         0         0       nan       nan         0
     7/272        0G      4.09        38         0      42.1        28       416         0         0         0         0       nan       nan         0
     8/272        0G      3.92      34.8         0      38.7        29       416         0         0         0         0       nan       nan         0
     9/272        0G      3.89      31.8         0      35.7        34       416         0         0         0         0       nan       nan         0
    10/272        0G      3.99      28.9         0      32.9        40       416         0         0         0         0       nan       nan         0
    11/272        0G      3.99      26.1         0      30.1        47       416         0         0         0         0       nan       nan         0
    12/272        0G      3.86      23.5         0      27.3        35       416         0         0         0         0       nan       nan         0
    13/272        0G      3.98      21.1         0      25.1        26       416         0         0         0         0       nan       nan         0
    14/272        0G      3.79        19         0      22.8        36       416         0         0         0         0       nan       nan         0
    15/272        0G      3.92      16.9         0      20.8        22       416         0         0         0         0       nan       nan         0
    16/272        0G      4.03      15.4         0      19.4        38       416         0         0         0         0       nan       nan         0
    17/272        0G      3.84      13.8         0      17.7        39       416         0         0         0         0       nan       nan         0
    18/272        0G      3.81      12.4         0      16.2        43       416         0         0         0         0       nan       nan         0
    19/272        0G      3.79      11.1         0      14.9        29       416         0         0         0         0       nan       nan         0
    20/272        0G      3.71      9.97         0      13.7        25       416         0         0         0         0       nan       nan         0
    21/272        0G      3.88       9.1         0        13        32       416         0         0         0         0       nan       nan         0
    22/272        0G      3.83      8.36         0      12.2        29       416         0         0         0         0       nan       nan         0
    23/272        0G      4.09      7.73         0      11.8        38       416         0         0         0         0       nan       nan         0
    24/272        0G      3.65      7.06         0      10.7        30       416         0         0         0         0       nan       nan         0
    25/272        0G      3.69      6.48         0      10.2        34       416         0         0         0         0       nan       nan         0
    26/272        0G      3.84      6.14         0      9.98        37       416         0         0         0         0       nan       nan         0
    27/272        0G      3.82      5.72         0      9.54        43       416         0         0         0         0       nan       nan         0
    28/272        0G       3.8       5.1         0       8.9        30       416         0         0         0         0       nan       nan         0
    29/272        0G      3.63      4.96         0       8.6        38       416         0         0         0         0       nan       nan         0
    30/272        0G      3.68       4.7         0      8.38        37       416         0         0         0         0       nan       nan         0
    31/272        0G      3.76      4.39         0      8.14        35       416         0         0         0         0       nan       nan         0
    32/272        0G      3.61      4.12         0      7.73        33       416         0         0         0         0       nan       nan         0
    33/272        0G      3.87      4.19         0      8.06        40       416         0         0         0         0       nan       nan         0
    34/272        0G      3.78      4.05         0      7.83        43       416         0         0         0         0       nan       nan         0
    35/272        0G      3.54      3.69         0      7.23        32       416         0         0         0         0       nan       nan         0
    36/272        0G      3.64      3.56         0      7.21        31       416         0         0         0         0       nan       nan         0
    37/272        0G      3.84      3.85         0      7.69        44       416         0         0         0         0       nan       nan         0
    38/272        0G      3.68       3.4         0      7.08        36       416         0         0         0         0       nan       nan         0
    39/272        0G      3.61      3.22         0      6.83        30       416         0         0         0         0       nan       nan         0
    40/272        0G      3.63      3.24         0      6.87        36       416         0         0         0         0       3.1      2.46         0
    41/272        0G      3.69      3.34         0      7.03        35       416         0         0         0         0      3.09      2.39         0
    42/272        0G      3.86      3.01         0      6.87        28       416         0         0         0         0      3.08      2.33         0
    43/272        0G      3.69      3.02         0      6.71        34       416         0         0         0         0      3.07      2.27         0
    44/272        0G      3.62      2.88         0       6.5        30       416         0         0         0         0      3.07      2.22         0
    45/272        0G      3.63      3.23         0      6.86        40       416         0         0         0         0      3.06      2.18         0
    46/272        0G      3.58      2.88         0      6.46        30       416         0         0         0         0      3.05      2.14         0
    47/272        0G      3.82      3.19         0      7.01        41       416         0         0         0         0      3.05       2.1         0
    48/272        0G      3.73      3.08         0      6.82        38       416         0         0         0         0      3.04      2.07         0
    49/272        0G      3.73      2.97         0       6.7        33       416         0         0         0         0      3.04      2.04         0
    50/272        0G      3.55      2.92         0      6.47        32       416         0         0         0         0      3.04      2.01         0
    51/272        0G      3.71      2.91         0      6.62        33       416         0         0         0         0      3.03      1.99         0
    52/272        0G      3.64      3.15         0      6.78        41       416         0         0         0         0      3.03      1.97         0
    53/272        0G      3.66      2.79         0      6.45        37       416         0         0         0         0      3.03      1.95         0
    54/272        0G      3.42      2.74         0      6.16        25       416         0         0         0         0      3.02      1.93         0
    55/272        0G      3.54      2.81         0      6.35        32       416         0         0         0         0      3.02      1.91         0
    56/272        0G      3.68      2.85         0      6.53        32       416         0         0         0         0      3.02       1.9         0
    57/272        0G      3.48      3.03         0      6.52        39       416         0         0         0         0      3.02      1.89         0
    58/272        0G      3.64      2.65         0      6.29        33       416         0         0         0         0      3.01      1.87         0
    59/272        0G      3.54      3.21         0      6.75        41       416         0         0         0         0      3.01      1.86         0
    60/272        0G      3.74      2.93         0      6.67        40       416         0         0         0         0      3.01      1.85         0
    61/272        0G      3.57         3         0      6.57        37       416         0         0         0         0      3.01      1.85         0
    62/272        0G      3.59      2.98         0      6.57        37       416         0         0         0         0      3.01      1.84         0
    63/272        0G      3.59       2.8         0      6.38        31       416         0         0         0         0         3      1.83         0
    64/272        0G       3.5      2.76         0      6.26        30       416         0         0         0         0         3      1.82         0
    65/272        0G      3.78      2.59         0      6.38        29       416         0         0         0         0         3      1.82         0
    66/272        0G      3.56      3.16         0      6.72        47       416         0         0         0         0         3      1.81         0
    67/272        0G      3.79      2.86         0      6.65        32       416         0         0         0         0      2.99      1.81         0
    68/272        0G      3.62      3.03         0      6.65        39       416         0         0         0         0      2.99       1.8         0
    69/272        0G      3.42      2.87         0      6.29        39       416         0         0         0         0      2.99       1.8         0
    70/272        0G      3.88      2.98         0      6.87        43       416         0         0         0         0      2.98      1.79         0
    71/272        0G      3.64      2.68         0      6.32        25       416         0         0         0         0      2.98      1.79         0
    72/272        0G      3.46      3.21         0      6.67        42       416         0         0         0         0      2.98      1.79         0
    73/272        0G      3.59      2.99         0      6.58        36       416         0         0         0         0      2.97      1.78         0
    74/272        0G      3.96      2.53         0      6.49        23       416         0         0         0         0      2.97      1.78         0
    75/272        0G      3.63      2.85         0      6.48        33       416         0         0         0         0      2.97      1.78         0
    76/272        0G      3.64      3.04         0      6.68        36       416         0         0         0         0      2.97      1.77         0
    77/272        0G      3.55      3.01         0      6.56        38       416         0         0         0         0      2.96      1.77         0
    78/272        0G      3.62         3         0      6.63        41       416         0         0         0         0      2.96      1.77         0
    79/272        0G       3.9      3.09         0      6.99        37       416         0         0         0         0      2.96      1.77         0
    80/272        0G      3.63      2.42         0      6.05        26       416         0         0         0         0      2.96      1.77         0
    81/272        0G      3.63      2.87         0       6.5        35       416         0         0         0         0      2.96      1.76         0
    82/272        0G       3.3      2.95         0      6.25        39       416         0         0         0         0      2.96      1.76         0
    83/272        0G      3.71      3.04         0      6.75        40       416         0         0         0         0      2.96      1.76         0
    84/272        0G      3.57      3.25         0      6.81        47       416         0         0         0         0      2.95      1.76         0
    85/272        0G      3.43      2.84         0      6.28        29       416         0         0         0         0      2.95      1.76         0
    86/272        0G      3.47      2.82         0      6.28        28       416         0         0         0         0      2.95      1.76         0
    87/272        0G      3.79      2.66         0      6.45        31       416         0         0         0         0      2.95      1.76         0
    88/272        0G      3.55      2.81         0      6.36        37       416         0         0         0         0      2.95      1.75         0
    89/272        0G       3.5      2.89         0      6.39        35       416         0         0         0         0      2.96      1.75         0
    90/272        0G      3.53      2.86         0      6.39        33       416         0         0         0         0      2.96      1.75         0
    91/272        0G      3.48      2.87         0      6.34        37       416         0         0         0         0      2.96      1.75         0
    92/272        0G      3.63      3.09         0      6.72        40       416         0         0         0         0      2.96      1.75         0
    93/272        0G      3.54      2.94         0      6.47        41       416         0         0         0         0      2.96      1.75         0
    94/272        0G      3.73      3.17         0       6.9        44       416         0         0         0         0      2.96      1.75         0
    95/272        0G      3.52       3.1         0      6.62        42       416         0         0         0         0      2.96      1.75         0
    96/272        0G      3.56      2.54         0       6.1        31       416         0         0         0         0      2.96      1.75         0
    97/272        0G      3.63      2.84         0      6.47        42       416         0         0         0         0      2.96      1.75         0
    98/272        0G      3.59      2.69         0      6.28        33       416         0         0         0         0      2.96      1.75         0
    99/272        0G      3.54      2.75         0      6.29        33       416         0         0         0         0      2.96      1.75         0
   100/272        0G       3.5      2.81         0      6.31        41       416         0         0         0         0      2.97      1.75         0
   101/272        0G      3.37      2.75         0      6.13        31       416         0         0         0         0      2.97      1.75         0
   102/272        0G      3.44      2.96         0      6.39        32       416         0         0         0         0      2.97      1.74         0
   103/272        0G      3.32      2.58         0       5.9        25       416         0         0         0         0      2.97      1.74         0
   104/272        0G       3.4      2.83         0      6.22        36       416         0         0         0         0      2.97      1.74         0
   105/272        0G      3.61      2.97         0      6.58        38       416         0         0         0         0      2.97      1.74         0
   106/272        0G      3.47      3.03         0       6.5        37       416         0         0         0         0      2.97      1.74         0
   107/272        0G      3.76      2.94         0       6.7        40       416         0         0         0         0      2.97      1.74         0
   108/272        0G      3.58      2.77         0      6.35        37       416         0         0         0         0      2.97      1.74         0
   109/272        0G      3.53      2.82         0      6.34        32       416         0         0         0         0      2.97      1.74         0
   110/272        0G      3.42      3.23         0      6.65        42       416         0         0         0         0      2.97      1.74         0
   111/272        0G      3.61      3.04         0      6.66        39       416         0         0         0         0      2.97      1.74         0
   112/272        0G      3.42      2.91         0      6.33        37       416         0         0         0         0      2.97      1.74         0
   113/272        0G      3.51      2.88         0      6.39        35       416         0         0         0         0      2.97      1.74         0
   114/272        0G      3.73      2.75         0      6.48        31       416         0         0         0         0      2.97      1.74         0
   115/272        0G      3.52      2.72         0      6.24        31       416         0         0         0         0      2.97      1.74         0
   116/272        0G      3.66      2.99         0      6.65        37       416         0         0         0         0      2.97      1.74         0
   117/272        0G      3.49      2.62         0      6.11        31       416         0         0         0         0      2.97      1.74         0
   118/272        0G      3.29      2.65         0      5.94        30       416         0         0         0         0      2.97      1.74         0
   119/272        0G      3.37      2.64         0      6.01        34       416         0         0         0         0      2.97      1.74         0
   120/272        0G      3.42      2.82         0      6.24        36       416         0         0         0         0      2.97      1.74         0
   121/272        0G      3.53      2.78         0       6.3        38       416         0         0         0         0      2.97      1.74         0
   122/272        0G      3.37      2.99         0      6.36        37       416         0         0         0         0      2.97      1.74         0
   123/272        0G      3.84      3.19         0      7.04        43       416         0         0         0         0      2.97      1.74         0
   124/272        0G      3.65      3.02         0      6.67        42       416         0         0         0         0      2.97      1.74         0
   125/272        0G      3.33      2.49         0      5.82        25       416         0         0         0         0      2.97      1.74         0
   126/272        0G      3.81       2.9         0       6.7        34       416         0         0         0         0      2.97      1.74         0
   127/272        0G       3.6      2.84         0      6.44        40       416         0         0         0         0      2.97      1.74         0
   128/272        0G       3.6      2.88         0      6.49        39       416         0         0         0         0      2.97      1.74         0
   129/272        0G      3.49      2.61         0       6.1        29       416         0         0         0         0      2.97      1.74         0
   130/272        0G      3.52      2.99         0      6.51        35       416         0         0         0         0      2.97      1.74         0
   131/272        0G      3.55      2.75         0       6.3        31       416         0         0         0         0      2.97      1.74         0
   132/272        0G      3.62      2.99         0      6.62        41       416         0         0         0         0      2.97      1.74         0
   133/272        0G      3.62      2.78         0       6.4        37       416         0         0         0         0      2.97      1.74         0
   134/272        0G      3.62      2.78         0      6.39        40       416         0         0         0         0      2.97      1.74         0
   135/272        0G      3.75      2.87         0      6.62        35       416         0         0         0         0      2.97      1.74         0
   136/272        0G      3.62      2.88         0       6.5        36       416         0         0         0         0      2.97      1.74         0
   137/272        0G      3.73       2.9         0      6.63        38       416         0         0         0         0      2.97      1.74         0
   138/272        0G      3.82      2.86         0      6.68        34       416         0         0         0         0      2.97      1.74         0
   139/272        0G      3.54      2.93         0      6.47        34       416         0         0         0         0      2.97      1.74         0
   140/272        0G      3.42       2.8         0      6.22        35       416         0         0         0         0      2.97      1.74         0
   141/272        0G      3.64      2.84         0      6.48        34       416         0         0         0         0      2.97      1.74         0
   142/272        0G      3.57       2.9         0      6.47        30       416         0         0         0         0      2.97      1.74         0
   143/272        0G      3.58      2.76         0      6.34        33       416         0         0         0         0      2.97      1.74         0
   144/272        0G      3.54      2.65         0      6.19        34       416         0         0         0         0      2.97      1.74         0
   145/272        0G      3.66      2.77         0      6.43        33       416         0         0         0         0      2.97      1.74         0
   146/272        0G      3.68       2.7         0      6.37        35       416         0         0         0         0      2.97      1.74         0
   147/272        0G      3.44      2.81         0      6.25        33       416         0         0         0         0      2.96      1.74         0
   148/272        0G      3.54      2.92         0      6.46        38       416         0         0         0         0      2.96      1.74         0
   149/272        0G      3.48      2.86         0      6.33        36       416         0         0         0         0      2.96      1.74         0
   150/272        0G      3.58      2.68         0      6.26        29       416         0         0         0         0      2.96      1.74         0
   151/272        0G      3.61      2.79         0      6.39        38       416         0         0         0         0      2.96      1.74         0
   152/272        0G       3.8      3.01         0      6.81        44       416         0         0         0         0      2.96      1.74         0
   153/272        0G      3.66      2.79         0      6.45        37       416         0         0         0         0      2.96      1.74         0
   154/272        0G      3.44      2.59         0      6.03        29       416         0         0         0         0      2.96      1.75         0
   155/272        0G      3.66      2.75         0      6.41        34       416         0         0         0         0      2.96      1.75         0
   156/272        0G       3.6      2.71         0      6.31        30       416         0         0         0         0      2.96      1.75         0
   157/272        0G      3.55      2.92         0      6.47        44       416         0         0         0         0      2.96      1.75         0
   158/272        0G      3.68      2.99         0      6.67        34       416         0         0         0         0      2.96      1.75         0
   159/272        0G      3.55      3.22         0      6.77        47       416         0         0         0         0      2.95      1.75         0
   160/272        0G      3.48      3.12         0       6.6        43       416         0         0         0         0      2.95      1.75         0
   161/272        0G       3.7      2.63         0      6.33        33       416         0         0         0         0      2.95      1.75         0
   162/272        0G      3.53      2.65         0      6.18        33       416         0         0         0         0      2.95      1.75         0
   163/272        0G      3.42      2.78         0      6.19        35       416         0         0         0         0      2.95      1.75         0
   164/272        0G      3.36      2.88         0      6.24        34       416         0         0         0         0      2.95      1.75         0
   165/272        0G      3.61       2.7         0      6.31        30       416         0         0         0         0      2.95      1.75         0
   166/272        0G      3.54      2.62         0      6.16        31       416         0         0         0         0      2.95      1.75         0
   167/272        0G      3.68      2.72         0       6.4        35       416         0         0         0         0      2.95      1.75         0
   168/272        0G      3.68      2.85         0      6.53        37       416         0         0         0         0      2.95      1.75         0
   169/272        0G      3.52      2.55         0      6.07        32       416         0         0         0         0      2.95      1.75         0
   170/272        0G      3.38      2.75         0      6.13        29       416         0         0         0         0      2.95      1.75         0
   171/272        0G      3.58      2.79         0      6.37        31       416         0         0         0         0      2.95      1.75         0
   172/272        0G      3.45         3         0      6.45        39       416         0         0         0         0      2.95      1.75         0
   173/272        0G      3.68      2.73         0      6.42        35       416         0         0         0         0      2.95      1.75         0
   174/272        0G      3.48      2.83         0      6.32        36       416         0         0         0         0      2.95      1.75         0
   175/272        0G      3.61      2.99         0       6.6        38       416         0         0         0         0      2.95      1.75         0
   176/272        0G      3.45      2.69         0      6.15        34       416         0         0         0         0      2.95      1.75         0
   177/272        0G      3.47      2.88         0      6.34        37       416         0         0         0         0      2.95      1.75         0
   178/272        0G      3.49      2.86         0      6.35        33       416         0         0         0         0      2.95      1.75         0
   179/272        0G      3.58      2.77         0      6.35        34       416         0         0         0         0      2.95      1.75         0
   180/272        0G      3.46      3.14         0      6.59        41       416         0         0         0         0      2.95      1.75         0
   181/272        0G      3.74      2.55         0      6.29        28       416         0         0         0         0      2.95      1.75         0
   182/272        0G      3.44      2.62         0      6.06        33       416         0         0         0         0      2.95      1.75         0
   183/272        0G       3.5      3.16         0      6.66        50       416         0         0         0         0      2.95      1.75         0
   184/272        0G      3.39      2.98         0      6.37        41       416         0         0         0         0      2.95      1.75         0
   185/272        0G       3.6      2.91         0      6.51        41       416         0         0         0         0      2.95      1.75         0
   186/272        0G      3.57      2.83         0       6.4        38       416         0         0         0         0      2.95      1.75         0
   187/272        0G      3.34      2.63         0      5.97        32       416         0         0         0         0      2.95      1.75         0
   188/272        0G      3.58      2.73         0      6.31        31       416         0         0         0         0      2.95      1.75         0
   189/272        0G      3.54      2.85         0       6.4        37       416         0         0         0         0      2.95      1.75         0
   190/272        0G       3.4      2.76         0      6.16        26       416         0         0         0         0      2.95      1.75         0
   191/272        0G      3.46      2.86         0      6.32        37       416         0         0         0         0      2.95      1.75         0
   192/272        0G      3.68      2.79         0      6.47        32       416         0         0         0         0      2.95      1.76         0
   193/272        0G       3.5      2.58         0      6.08        30       416         0         0         0         0      2.95      1.75         0
   194/272        0G      3.46      2.89         0      6.35        39       416         0         0         0         0      2.94      1.76         0
   195/272        0G       3.5      3.04         0      6.54        42       416         0         0         0         0      2.94      1.76         0
   196/272        0G      3.45       2.7         0      6.15        34       416         0         0         0         0      2.94      1.76         0
   197/272        0G      3.77      2.54         0      6.31        35       416         0         0         0         0      2.94      1.76         0
   198/272        0G      3.35      2.88         0      6.23        33       416         0         0         0         0      2.94      1.76         0
   199/272        0G      3.41      2.86         0      6.27        41       416         0         0         0         0      2.94      1.76         0
   200/272        0G      3.46      2.57         0      6.04        32       416         0         0         0         0      2.94      1.76         0
   201/272        0G      3.55      2.58         0      6.14        33       416         0         0         0         0      2.94      1.76         0
   202/272        0G      3.67      3.13         0       6.8        40       416         0         0         0         0      2.93      1.76         0
   203/272        0G      3.57      2.71         0      6.28        36       416         0         0         0         0      2.93      1.75         0
   204/272        0G      3.35      2.93         0      6.28        38       416         0         0         0         0      2.94      1.75         0
   205/272        0G      3.42      3.17         0      6.59        45       416         0         0         0         0      2.93      1.75         0
   206/272        0G      3.62      2.85         0      6.47        36       416         0         0         0         0      2.92      1.76         0
   207/272        0G      3.36      2.71         0      6.07        34       416         0         0         0         0      2.92      1.76         0
   208/272        0G      3.38      2.79         0      6.17        35       416         0         0         0         0      2.92      1.76         0
   209/272        0G      3.42       2.7         0      6.12        32       416         0         0         0         0      2.93      1.76         0
   210/272        0G      3.34      2.74         0      6.08        33       416         0         0         0         0      2.93      1.76         0
   211/272        0G      3.13      2.79         0      5.92        41       416         0         0         0         0      2.99      1.75         0
   212/272        0G      3.26      2.85         0       6.1        35       416         0         0         0         0      2.93      1.76         0
   213/272        0G      3.35      2.66         0         6        32       416         0         0         0         0      2.93      1.76         0
   214/272        0G      3.13      2.73         0      5.86        30       416         0         0         0         0      2.93      1.76         0
   215/272        0G      3.41       2.9         0      6.32        35       416         0         0         0         0      2.95      1.76         0
   216/272        0G      3.47      2.73         0       6.2        28       416         0         0         0         0      2.99      1.76         0
   217/272        0G      3.47      2.92         0      6.39        41       416         0         0         0         0      3.01      1.76         0
   218/272        0G      3.39      2.44         0      5.83        25       416         0         0         0         0      2.92      1.76         0
   219/272        0G      3.38      2.99         0      6.37        37       416         0         0         0         0      2.91      1.76         0
   220/272        0G      3.43      2.93         0      6.35        39       416         0         0         0         0      2.91      1.76         0
   221/272        0G      3.31      3.12         0      6.43        41       416         0         0         0         0      2.91      1.76         0
   222/272        0G      3.31      2.66         0      5.97        34       416         0         0         0         0      2.91      1.76         0
   223/272        0G      3.37      2.83         0       6.2        40       416         0         0         0         0      2.91      1.76         0
   224/272        0G       3.4      3.11         0      6.51        41       416         0         0         0         0      2.91      1.76         0
   225/272        0G      3.42      2.56         0      5.98        33       416         0         0         0         0      2.91      1.76         0
   226/272        0G      3.42      2.88         0      6.31        37       416         0         0         0         0      2.91      1.76         0
   227/272        0G      3.39      2.69         0      6.08        36       416         0         0         0         0      2.91      1.76         0
   228/272        0G      3.31      2.79         0      6.11        43       416         0         0         0         0      2.91      1.76         0
   229/272        0G      3.44      3.11         0      6.55        41       416         0         0         0         0      2.91      1.76         0
   230/272        0G      3.48      2.54         0      6.02        35       416         0         0         0         0      2.91      1.76         0
   231/272        0G      3.47      2.77         0      6.24        36       416         0         0         0         0      2.91      1.76         0
   232/272        0G      3.26      2.73         0      5.99        34       416         0         0         0         0      2.91      1.76         0
   233/272        0G      3.35      2.59         0      5.95        35       416         0         0         0         0      2.91      1.76         0
   234/272        0G      3.39      2.82         0      6.21        37       416         0         0         0         0      2.91      1.76         0
   235/272        0G      3.26      3.33         0      6.59        47       416         0         0         0         0      2.91      1.76         0
   236/272        0G      3.22      2.56         0      5.78        27       416         0         0         0         0      2.91      1.76         0
   237/272        0G      3.33       2.8         0      6.13        37       416         0         0         0         0       2.9      1.76         0
   238/272        0G      3.32      2.71         0      6.03        34       416         0         0         0         0       2.9      1.76         0
   239/272        0G      3.46      2.67         0      6.13        35       416         0         0         0         0      2.91      1.76         0
   240/272        0G      3.45      2.75         0       6.2        33       416         0         0         0         0      2.91      1.76         0
   241/272        0G      3.32      2.61         0      5.93        34       416         0         0         0         0      2.91      1.76         0
   242/272        0G      3.36      2.68         0      6.05        32       416         0         0         0         0      2.91      1.76         0
   243/272        0G      3.53      2.67         0       6.2        37       416         0         0         0         0      2.92      1.76         0
   244/272        0G      3.23      2.67         0       5.9        31       416         0         0         0         0      2.93      1.76         0
   245/272        0G      3.48      2.73         0       6.2        32       416         0         0         0         0      2.95      1.76         0
   246/272        0G      3.24      2.66         0       5.9        29       416         0         0         0         0      2.94      1.76         0
   247/272        0G      3.48      2.36         0      5.84        25       416         0         0         0         0      2.94      1.76         0
   248/272        0G      3.55      2.58         0      6.13        39       416         0         0         0         0      2.93      1.76         0
   249/272        0G      3.39      2.63         0      6.02        32       416         0         0         0         0      2.92      1.76         0
   250/272        0G      3.37      2.63         0         6        32       416         0         0         0         0      2.92      1.76         0
   251/272        0G      3.46       2.9         0      6.36        39       416         0         0         0         0      2.91      1.76         0
   252/272        0G      3.23      2.82         0      6.05        36       416         0         0         0         0      2.91      1.76         0
   253/272        0G      3.28      2.56         0      5.84        26       416         0         0         0         0      2.91      1.76         0
   254/272        0G      3.36      2.79         0      6.15        39       416         0         0         0         0      2.91      1.76         0
   255/272        0G      3.51       2.7         0      6.21        32       416         0         0         0         0      2.91      1.76         0
   256/272        0G       3.4      2.67         0      6.07        36       416         0         0         0         0      2.91      1.76         0
   257/272        0G      3.39      2.51         0       5.9        32       416         0         0         0         0      2.91      1.76         0
   258/272        0G      3.37      3.27         0      6.64        47       416         0         0         0         0      2.91      1.76         0
   259/272        0G      3.31      2.48         0       5.8        30       416         0         0         0         0      2.91      1.76         0
   260/272        0G      3.43      2.76         0      6.19        36       416         0         0         0         0      2.91      1.76         0
   261/272        0G      3.47      2.81         0      6.28        38       416         0         0         0         0      2.91      1.76         0
   262/272        0G      3.35      2.94         0      6.28        40       416         0         0         0         0      2.91      1.76         0
   263/272        0G      3.36      2.87         0      6.23        38       416         0         0         0         0      2.91      1.76         0
   264/272        0G      3.38      2.89         0      6.27        39       416         0         0         0         0      2.91      1.76         0
   265/272        0G      3.45      2.98         0      6.43        42       416         0         0         0         0      2.91      1.76         0
   266/272        0G       3.2      2.77         0      5.96        30       416         0         0         0         0      2.91      1.76         0
   267/272        0G      3.31      2.77         0      6.08        32       416         0         0         0         0      2.91      1.76         0
   268/272        0G      3.42      2.33         0      5.74        23       416         0         0         0         0      2.91      1.76         0
   269/272        0G      3.28      2.44         0      5.72        33       416         0         0         0         0      2.91      1.76         0
   270/272        0G      3.39      2.76         0      6.15        32       416         0         0         0         0      2.91      1.76         0
   271/272        0G      3.38      2.79         0      6.16        34       416         0         0         0         0      2.91      1.76         0
   272/272        0G      3.39      2.87         0      6.26        39       416   0.00925     0.264    0.0109    0.0179      2.91      1.76         0
